calibration {
	k2w = [ -0.01938905036350567, 0.8325757058934378, 0.5537812125809308, 0.0, 0.987516885226986, 0.10254435341743605, -0.1195860024948539, 0.0, -0.1563152779404276, 0.5445496391200012, -0.8241708054324508, 0.0, 0.48341791818999547, -0.8573758229440844, 0.9998614636950363, 1.0 ];

	dim = [ 633, 474 ];
	poly = [ 363.8090211132836, 277.48560460656284, 363.8090211132836, 100.98656429964706, 548.4961612288597, 135.558541267142, 552.1353166987765, 294.7715930906815 ];
}
