calibration {
	k2w = [ 0.04856298818885978, 1.0025727094436123, -0.02782123842777588, 0.0, 0.4420134127636896, -0.04654978379701503, -0.8995214643660047, 0.0, -0.8956929044684707, 0.03138608970485863, -0.44541118144563846, 0.0, 1.217100338917662, 0.03419006364929344, 0.389230878812165, 1.0 ];

	dim = [ 633, 474 ];
	poly = [ 78.13531669881209, 374.83301343589926, 163.65547024982806, 142.83685220762015, 400.2005758161503, 138.2879078696463, 462.9760076778788, 390.29942418461746 ];
}
