calibration {
	k2w = [ -0.01928035550248282, 1.011702469488816, 0.0064414989905147175, 0.0, 0.7109186275720893, 0.018402445444438763, -0.7114130532722087, 0.0, -0.7030099379544463, -0.009136914954351212, -0.7195929368105665, 0.0, 0.9036954216421108, 0.01919657414147727, 0.9255465793157608, 1.0 ];

	dim = [ 628, 471 ];
	poly = [ 42.790786948829066, 430.31861804258864, 154.89059500999, 122.04414587359236, 474.01343570005616, 120.23608445318433, 572.5527831086166, 430.3186180425886 ];
}
