calibration {
	k2w = [ 0.007720634780947093, 1.0033547808384222, -0.019689689913196726, 0.0, 0.697595436456436, -0.019511794882769617, -0.7187906097714957, 0.0, -0.7164502765954758, -0.008185918046668374, -0.7000863597018413, 0.0, 0.8752540118880342, 0.04094192765999183, 0.9167050834329536, 0.9999999999999999 ];

	dim = [ 628, 471 ];
	poly = [ 48.2149712093094, 457.4395393474426, 153.98656429904233, 151.87715930905824, 463.1650671773241, 147.35700575849762, 561.7044145858844, 455.63147792749396 ];
}
