calibration {
	k2w = [ 0.0025269724440956307, 1.0037200630446077, -0.006114437062208743, 0.0, 0.7728882595051395, -0.005840207425863957, -0.6368897599928756, 0.0, -0.6345371169044277, -0.0031163737454355566, -0.7757782106001685, 0.0, 0.8811099543240575, 0.03809557040967298, 0.9338880972579532, 1.0 ];

	dim = [ 628, 471 ];
	poly = [ 64.48752399280613, 394.1573896358069, 153.0825335895819, 96.73128598879919, 462.2610364678636, 89.49904030716726, 560.800383876424, 395.0614203460109 ];
}
