calibration {
	k2w = [ 0.0032487966108925266, 1.0462589228613215, 0.027783532478290258, 0.0, 0.845620213453602, 0.011955952304552816, -0.5585492264314234, 0.0, -0.533775139847544, 0.025308929498633944, -0.8846988512203997, 0.0, 0.5969839978444242, -0.017356066215070427, 0.6042210507084581, 1.0 ];

	dim = [ 633, 474 ];
	poly = [ 0.2127272734495591, 452.45454545416567, 104.49272727276167, 66.3600000008629, 539.7109090893478, 69.80727272843501, 632.7872727254222, 455.90181818176404 ];
}
