calibration {
	k2w = [ -0.006378316863172505, 1.0009516532436649, -0.021081661714455482, 0.0, 0.7692257376126108, -0.00855934199237925, -0.6396828013400402, 0.0, -0.6389452884780732, -0.020296656381270158, -0.7699031795855523, 0.0, 0.8906081530621469, 0.05942443152165599, 0.9273808588784025, 1.0 ];

	dim = [ 628, 471 ];
	poly = [ 62.679462572398194, 395.0614203460109, 153.0825335895819, 96.73128598879919, 469.4932821490362, 92.21113243777927, 556.280230325404, 393.253358925603 ];
}
