calibration {
	k2w = [ 0.009816180823685381, 0.9999874090968611, -0.002525195733314981, 0.0, 0.5450237271323197, -0.007467734729963275, -0.8384198771659803, 0.0, -0.8383631548779032, 0.006853789530123386, -0.5450901694258158, 0.0, 1.1447981713470383, 0.032403191566079056, 0.8411729136810312, 1.0000000000000002 ];

	dim = [ 633, 474 ];
	poly = [ 55.390595009747244, 438.5182341652918, 167.40545454530206, 180.12000000025273, 456.9763636358765, 175.81090909144052, 559.5327272717076, 436.9418181813587 ];
}
