calibration {
	k2w = [ 0.009758619353034839, 1.0075059376930775, -0.017633553563091667, 0.0, 0.7146260185565636, -0.01936154061137521, -0.7046327217735112, 0.0, -0.6994386484533983, -0.005725153660315506, -0.7201788988306161, 0.0, 0.8935091744960664, 0.04258100892972238, 0.9257226397047369, 1.0 ];

	dim = [ 628, 471 ];
	poly = [ 49.1190019197976, 431.2226487527926, 155.79462572019392, 131.98848368537682, 467.6852207290876, 129.27639155476493, 554.4721689054554, 428.5105566221807 ];
}
