calibration {
	k2w = [ -2.245152792459984E-5, 1.0027731676948781, -0.007443655530374816, 0.0, 0.7679622314646815, -0.004750335372869405, -0.6422714582761764, 0.0, -0.6404951292084241, -0.005730866286941721, -0.7700918128635786, 0.0, 0.8926970487384924, 0.03673333295226298, 0.9279865953458885, 1.0 ];

	dim = [ 628, 471 ];
	poly = [ 64.48752399280613, 394.1573896358069, 153.0825335895819, 96.73128598879919, 462.2610364678636, 89.49904030716726, 560.800383876424, 395.0614203460109 ];
}
