calibration {
	k2w = [ -0.006567819047537213, 0.9999745981086026, 0.003841391376554864, 0.0, 0.7128833960099258, 0.007376071117178135, -0.7012462791094024, 0.0, -0.701251828836342, -0.0018671945390276545, -0.7129137321237007, 0.0, 0.930928424818009, 0.008349498516968673, 0.9201527362235487, 0.9999999999999999 ];

	dim = [ 628, 471 ];
	poly = [ 67.21785028801708, 422.14203454904805, 165.34807994984317, 124.19430537892163, 473.62255211838016, 118.77012111769761, 578.5191938582557, 421.23224568145326 ];
}
