calibration {
	k2w = [ -0.0019980058715520347, 1.0062347420986069, -8.42409233368255E-4, 0.0, 0.7247013248313832, 8.765179444311858E-4, -0.6933603284608186, 0.0, -0.6890602279628211, -0.0019958330948381276, -0.7292214019782253, 0.0, 0.8823074032954696, 0.015510096463483924, 0.9222070684495923, 1.0 ];

	dim = [ 628, 471 ];
	poly = [ 57.94727272738959, 441.02727272719704, 162.42363636351052, 131.87999999992724, 470.71454545410245, 127.5981818179157, 570.0527272724526, 437.60181818140416 ];
}
