calibration {
	k2w = [ 0.01013868456164918, 1.0010690438841297, -0.0029706482749744115, 0.0, 0.5505800936224831, -0.00806861668571878, -0.8356824449752418, 0.0, -0.8347207722238721, 0.006837140897956844, -0.551250493063719, 0.0, 1.1364448993104337, 0.01611254505165015, 0.8532873392096272, 1.0 ];

	dim = [ 633, 474 ];
	poly = [ 63.125454545668845, 443.83636363610526, 167.40545454530206, 180.12000000025273, 456.9763636358765, 175.81090909144052, 559.5327272717076, 436.9418181813587 ];
}
