calibration {
	k2w = [ -0.004608545647556991, 0.9999161192025839, 0.01978535483984171, 0.0, 0.7154405495422558, 0.017120432139596024, -0.6985494125355483, 0.0, -0.6986584153774211, 0.010935948284760693, -0.7154594381114778, 0.0, 0.9311086454000777, -0.02254254411313636, 0.9197829131233398, 1.0 ];

	dim = [ 628, 471 ];
	poly = [ 67.21785028801708, 422.14203454904805, 165.34807994984317, 124.19430537892163, 473.62255211838016, 118.77012111769761, 578.5191938582557, 421.23224568145326 ];
}
