calibration {
	k2w = [ -0.03373199148826142, 1.006911281713907, -0.007406070319056754, 0.0, 0.7118390559366438, 0.019003728087585853, -0.7073633071948822, 0.0, -0.7015321170078129, -0.029132703161523964, -0.7173998097812792, 0.0, 0.9292598908012136, 0.04767566281282335, 0.9275753841587207, 1.0000000000000002 ];

	dim = [ 628, 471 ];
	poly = [ 67.21785028801708, 422.14203454904805, 165.34807994984317, 124.19430537892163, 473.62255211838016, 118.77012111769761, 578.5191938582557, 421.23224568145326 ];
}
