calibration {
	k2w = [ 0.012189987014868208, 1.0014003790694013, 0.01641746411466127, 0.0, 0.6937234536332553, 0.0033550211045337893, -0.7213927985497909, 0.0, -0.7201383020612957, 0.02018294875246424, -0.6946540317739773, 0.0, 0.9818837315249734, -0.07344126525456471, 0.8899722026993065, 1.0 ];

	dim = [ 628, 471 ];
	poly = [ 101.55278310979179, 398.6775431863676, 187.43570057595562, 107.57965451078775, 486.6698656424527, 103.96353166997176, 596.0575815730017, 394.15738963580696 ];
}
