calibration {
	k2w = [ -0.005566114927086885, 0.8453034808712456, 0.5349661772492331, 0.0, 0.99525347376611, 0.05666034949284599, -0.07916630865421309, 0.0, -0.09715730194437083, 0.5319862974823532, -0.8416066037407778, 0.0, 0.3981902782077431, -0.8540846275550823, 0.9908751882224871, 1.0 ];

	dim = [ 633, 474 ];
	poly = [ 79.9548944338818, 433.4280230324606, 87.23320537464002, 42.218809980572814, 541.2178502882564, 49.49712092133109, 586.7072936661464, 421.23224568145326 ];
}
