calibration {
	k2w = [ 0.01667929200595489, 1.0068278947434808, -0.003929355234491465, 0.0, 0.7726291465593195, -0.01547292218354334, -0.6390988862649413, 0.0, -0.6346384822126668, 0.007623782563339973, -0.7781626544350566, 0.0, 0.8745523777077107, 0.012461846705466411, 0.9361089266006588, 1.0 ];

	dim = [ 628, 471 ];
	poly = [ 64.48752399280613, 394.1573896358069, 153.0825335895819, 96.73128598879919, 462.2610364678636, 89.49904030716726, 560.800383876424, 395.0614203460109 ];
}
