calibration {
	k2w = [ -0.0043978351808196614, 0.9978229561526475, 0.10987100268388067, 0.0, 0.7550776782930132, 0.07534862683402652, -0.6538410722877456, 0.0, -0.6556205905776261, 0.08008565634789813, -0.7537652119211293, 0.0, 0.9231756816368744, -0.17797085363568016, 1.1310861704559676, 1.0 ];

	dim = [ 633, 474 ];
	poly = [ 221.15517241375056, 371.39080459748857, 246.5804597704457, 193.41379310341625, 439.08620689634824, 197.0459770112256, 479.94827586203746, 378.6551724136215 ];
}
