calibration {
	k2w = [ 0.00478336427327544, 1.0529547009958986, -0.00834732713630339, 0.0, 0.6980956907863087, -0.009492882161186739, -0.7538928280965568, 0.0, -0.7159884956700181, -0.0022210890836413632, -0.7351085472718032, 0.0, 0.8811814060704519, 0.0368207810331725, 0.9632388095753618, 1.0 ];

	dim = [ 628, 471 ];
	poly = [ 48.2149712093094, 457.4395393474426, 153.98656429904233, 151.87715930905824, 463.1650671773241, 147.35700575849762, 561.7044145858844, 455.63147792749396 ];
}
