calibration {
	k2w = [ 0.010323788641941528, 0.9999675603642784, -0.0013779503762989156, 0.0, 0.553080336627327, -0.006858351034510768, -0.8331178614864888, 0.0, -0.8330639595038779, 0.007838815457833673, -0.5531331990691947, 0.0, 1.066031140882752, 0.029982235265512927, 0.8531748373949632, 1.0 ];

	dim = [ 633, 474 ];
	poly = [ 0.0, 474.0, 0.0, 0.0, 633.0, 0.0, 633.0, 474.0 ];
}
