calibration {
	k2w = [ 3.7957360799567217E-4, 1.006050474386888, -0.011935570141392479, 0.0, 0.7107657549180737, -0.008667243778023435, -0.7076816317424722, 0.0, -0.7034286726880109, -0.00821477725165169, -0.7150695147702749, 0.0, 0.8728684473358114, 0.044687705893099755, 0.9195517851544056, 1.0 ];

	dim = [ 628, 471 ];
	poly = [ 41.88675623862508, 451.1113243763617, 149.46641074876598, 143.74088291756942, 460.45297504745565, 135.6046065261928, 558.9923224560159, 445.6871401155971 ];
}
