calibration {
	k2w = [ 0.008851631943472181, 0.8277165902008301, 0.5611418224727094, 0.0, 0.9867576137260704, 0.08365949653539598, -0.1389691609989436, 0.0, -0.16196005793271478, 0.5549410695697248, -0.8160151243161433, 0.0, 0.4306030159985885, -0.8841845887987335, 0.983663027747404, 1.0 ];

	dim = [ 633, 474 ];
	poly = [ 79.9548944338818, 433.4280230324606, 87.23320537464002, 42.218809980572814, 541.2178502882564, 49.49712092133109, 586.7072936661464, 421.23224568145326 ];
}
