calibration {
	k2w = [ 0.01646606329728975, 1.0006205009796403, -0.007738247726602828, 0.0, 0.7694597404761518, -0.017623352600254546, -0.6389544040660375, 0.0, -0.638483027609867, 0.004566793573981442, -0.7702273782383375, 0.0, 0.8796380379963051, 0.04431414990813208, 0.9259713012080384, 1.0 ];

	dim = [ 628, 471 ];
	poly = [ 45.502879079441016, 395.0614203460109, 153.0825335895819, 96.73128598879919, 462.2610364678636, 89.49904030716726, 549.9520153544354, 394.15738963580696 ];
}
