calibration {
	k2w = [ 0.004400093976927222, 0.999979040479134, -0.017095463086695625, 0.0, 0.7729078384599997, -0.014248195062392138, -0.6344438887451479, 0.0, -0.6345030436649498, -0.010421604688244818, -0.772954332079308, 0.0, 0.8811433163195573, 0.04900900896264535, 0.9300763156483113, 1.0 ];

	dim = [ 628, 471 ];
	poly = [ 62.679462572398194, 395.0614203460109, 153.0825335895819, 96.73128598879919, 469.4932821490362, 92.21113243777927, 556.280230325404, 393.253358925603 ];
}
