calibration {
	k2w = [ -0.002460478929084364, 1.0012664056100877, -0.009309811221587578, 0.0, 0.6702337389848612, -0.005258086548328131, -0.7431057065630318, 0.0, -0.7421459972066229, -0.008068145517368548, -0.6710695893408221, 0.0, 1.0040021579859557, 0.022633489068694918, 0.8810017631617452, 1.0 ];

	dim = [ 628, 471 ];
	poly = [ 66.8087325410848, 408.9639790833733, 165.34807994984317, 124.19430537892163, 473.62255211838016, 118.77012111769761, 577.0729366595974, 410.4299424186273 ];
}
