calibration {
	k2w = [ 0.0035698980572339057, 1.0007253994251044, -0.01180667179654545, 0.0, 0.7320095418541273, -0.010658939594316533, -0.6817570648683027, 0.0, -0.6812850258609621, -0.006208793191232439, -0.732578592482709, 0.0, 0.8708432985850767, 0.02336921954380595, 0.9274333196132255, 1.0 ];

	dim = [ 628, 471 ];
	poly = [ 57.94727272738959, 441.02727272719704, 162.42363636351052, 131.87999999992724, 470.71454545410245, 127.5981818179157, 570.0527272724526, 437.60181818140416 ];
}
