calibration {
	k2w = [ 0.04706334034344726, 1.000180611373107, 0.040993381153383246, 0.0, 0.524781198323087, 0.010161806096612937, -0.8529904349527623, 0.0, -0.8499351362794114, 0.06165713483487447, -0.5243977312370678, 0.0, 0.8602290265405695, 0.010181761511100278, 0.6073317279839102, 1.0 ];

	dim = [ 633, 474 ];
	poly = [ 6.245454545661971, 459.3490909081527, 105.35454545443162, 258.5454545456263, 469.0418181811053, 257.6836363639563, 566.4506951415858, 454.4155362107748 ];
}
