calibration {
	k2w = [ 0.010247139854232376, 0.9998663728170151, 0.013219595398895672, 0.0, 0.5557532003573158, 0.005295676718608942, -0.8313356684065355, 0.0, -0.8312841730824717, 0.01586564531033864, -0.555624671082759, 0.0, 1.0606875581839126, 0.017531953283328107, 0.8516427430421951, 1.0 ];

	dim = [ 633, 474 ];
	poly = [ 45.02727272736337, 467.10545454489284, 161.37272727268765, 188.73818181833929, 449.1062103905098, 186.52636815481554, 559.5327272717076, 464.5199999994205 ];
}
